broken-city : 0.0 %
broken-education : 60.0 %
broken-insurnace : 100.0 %
broken-cooperation : 4.0 %
broken-salary : 56.00000000000001 %
broken-gender : 62.66666666666667 %
broken-experience : 48.0 %
broken-teleworking : 94.66666666666667 %
