broken-education : 57.77777777777777 %
broken-insurnace : 97.77777777777777 %
broken-cooperation : 0.0 %
broken-salary : 100.0 %
broken-gender : 0.0 %
broken-experience : 0.0 %
broken-teleworking : 100.0 %
