broken-city : 0.0 %
broken-education : 64.0 %
broken-insurnace : 86.66666666666667 %
broken-cooperation : 4.0 %
broken-salary : 50.66666666666667 %
broken-gender : 69.33333333333334 %
broken-experience : 73.33333333333333 %
broken-teleworking : 94.66666666666667 %
