broken-education : 88.88888888888889 %
broken-insurnace : 74.74747474747475 %
broken-cooperation : 6.0606060606060606 %
broken-salary : 94.94949494949495 %
broken-gender : 31.313131313131315 %
broken-experience : 0.0 %
broken-teleworking : 95.95959595959596 %
broken-province : 0.0 %
broken-token : 0.0 %
