broken-city : 0.0 %
broken-education : 100.0 %
broken-insurnace : 100.0 %
broken-cooperation : 0.0 %
broken-salary : 52.13675213675214 %
broken-gender : 36.75213675213676 %
broken-experience : 0.0 %
broken-teleworking : 96.58119658119658 %
