broken-education : 37.22222222222222 %
broken-insurnace : 97.77777777777777 %
broken-cooperation : 0.0 %
broken-salary : 68.88888888888889 %
broken-gender : 0.0 %
broken-experience : 0.0 %
broken-teleworking : 100.0 %
